MRED_sampled:  0.14423361850102928
0.14423361850102928 0.008 14.169 1.7650000000000001
MRED_sampled:  0.14423361850102928
0.14423361850102928 0.018000000000000002 15.122 1.741
MRED_sampled:  0.14423361850102928
0.14423361850102928 0.008 14.169 1.7650000000000001
MRED_sampled:  0.14423361850102928
0.14423361850102928 0.0 13.224 1.509
MRED_sampled:  0.14423361850102928
0.14423361850102928 0.008 14.169 1.7650000000000001
MRED_sampled:  0.14423361850102928
0.14423361850102928 0.008 14.169 1.7650000000000001
MRED_sampled:  0.14423361850102928
0.14423361850102928 1.4849999999999999 14.177 0.01
MRED_sampled:  0.14423361850102928
0.14423361850102928 0.008 14.169 1.7650000000000001
MRED_sampled:  0.14423361850102928
0.14423361850102928 0.018000000000000002 15.122 1.741
MRED_sampled:  0.14423361850102928
0.14423361850102928 1.4849999999999999 14.177 0.01
MRED_sampled:  0.14423361850102928
0.14423361850102928 1.4849999999999999 14.177 0.01
MRED_sampled:  0.14423361850102928
0.14423361850102928 0.018000000000000002 15.122 1.741
MRED_sampled:  0.14423361850102928
0.14423361850102928 1.4849999999999999 14.177 0.01
MRED_sampled:  0.14423361850102928
0.14423361850102928 0.008 14.169 1.7650000000000001
MRED_sampled:  0.14423361850102928
0.14423361850102928 0.0 13.224 1.509
MRED_sampled:  0.14423361850102928
0.14423361850102928 1.4849999999999999 14.177 0.01
MRED_sampled:  0.14423361850102928
0.14423361850102928 0.018000000000000002 15.122 1.741
MRED_sampled:  0.14423361850102928
0.14423361850102928 0.0 13.224 1.509
MRED_sampled:  0.14423361850102928
0.14423361850102928 1.4849999999999999 14.177 0.01
MRED_sampled:  0.14423361850102928
0.14423361850102928 1.4849999999999999 14.177 0.01
MRED_sampled:  0.14423361850102928
0.14423361850102928 0.008 14.169 1.7650000000000001
MRED_sampled:  0.14423361850102928
0.14423361850102928 1.4849999999999999 14.177 0.01
MRED_sampled:  0.14423361850102928
0.14423361850102928 0.016 15.113999999999999 2.021
MRED_sampled:  0.14423361850102928
0.14423361850102928 1.4849999999999999 14.177 0.01
MRED_sampled:  0.14423361850102928
0.14423361850102928 1.4849999999999999 14.177 0.01
MRED_sampled:  0.14423361850102928
0.14423361850102928 0.0 13.224 1.509
MRED_sampled:  0.14423361850102928
0.14423361850102928 0.0 13.224 1.509
MRED_sampled:  0.14423361850102928
0.14423361850102928 1.4849999999999999 14.177 0.01
MRED_sampled:  0.14423361850102928
0.14423361850102928 0.0 13.224 1.509
MRED_sampled:  0.14423361850102928
0.14423361850102928 1.4849999999999999 14.177 0.01
MRED_sampled:  0.14423361850102928
0.14423361850102928 1.4849999999999999 14.177 0.01
MRED_sampled:  0.14423361850102928
0.14423361850102928 1.4849999999999999 14.177 0.01
MRED_sampled:  0.14423361850102928
0.14423361850102928 0.018000000000000002 15.122 1.741
MRED_sampled:  0.14423361850102928
0.14423361850102928 1.4849999999999999 14.177 0.01
MRED_sampled:  0.14423361850102928
0.14423361850102928 1.4849999999999999 14.177 0.01
MRED_sampled:  0.14423361850102928
0.14423361850102928 1.4849999999999999 14.177 0.01
MRED_sampled:  0.14423361850102928
0.14423361850102928 1.4849999999999999 14.177 0.01
MRED_sampled:  0.14423361850102928
0.14423361850102928 0.018000000000000002 15.122 1.741
MRED_sampled:  0.14423361850102928
0.14423361850102928 0.0 13.224 1.509
MRED_sampled:  0.14423361850102928
0.14423361850102928 0.0 13.224 1.509
MRED_sampled:  0.14423361850102928
0.14423361850102928 0.008 14.169 1.7650000000000001
MRED_sampled:  0.14423361850102928
0.14423361850102928 0.0 13.224 1.509
MRED_sampled:  0.14423361850102928
0.14423361850102928 0.018000000000000002 15.122 1.741
MRED_sampled:  0.14423361850102928
0.14423361850102928 1.4849999999999999 14.177 0.01
MRED_sampled:  0.14423361850102928
0.14423361850102928 1.4849999999999999 14.177 0.01
MRED_sampled:  0.14423361850102928
0.14423361850102928 0.0 13.224 1.509
MRED_sampled:  0.14423361850102928
0.14423361850102928 1.4849999999999999 14.177 0.01
MRED_sampled:  0.14423361850102928
0.14423361850102928 0.0 13.224 1.509
MRED_sampled:  0.14423361850102928
0.14423361850102928 0.02 15.129999999999999 1.4609999999999999
MRED_sampled:  0.14423361850102928
0.14423361850102928 16.083 0.03 1.4369999999999998
MRED_sampled:  0.14423361850102928
0.14423361850102928 1.4849999999999999 14.177 0.01
MRED_sampled:  0.14423361850102928
0.14423361850102928 1.4849999999999999 14.177 0.01
Best configuration:
Params: [2, 0, 2], Error: 0.14423361850102928, Latency: 1.4849999999999999, Area: 14.177, Power: 0.01
